
xk = 	x1
	x2
	x3
	x4
	xn
	
	
xk = (1/A(i,i))*(b(i)-aux)     % depende de i 











A =

   10    5    0    0
    5   30   10    0
    0   10   50   15
    0    0   15   30

b =

   1
   1
   1
   1

x0 =

   0
   0
   0
   0

aux = 0
k = 0
i =  1
xk =

   0.10000
   0.00000
   0.00000
   0.00000

aux =  0.50000
k = 0
i =  2
xk =

   0.10000
   0.01667
   0.00000
   0.00000

aux =  0.16667
k = 0
i =  3
xk =

   0.10000
   0.01667
   0.01667
   0.00000

aux =  0.25000
k = 0
i =  4
xk =

   0.100000
   0.016667
   0.016667
   0.025000
   
